; position-analysis -v 1 -i $RSAT/public_html/tmp/www-data/2025/11/05/peak-motifs.2025-11-05.181036_2025-11-05.181036_ioChdq/data/sequences/peak-motifs_ctrl_purged_ml40_mis3.fasta -format fasta -sort -return html,chi,sig,distrib,graphs,rank,index -max_graphs 20 -1str -ovlp -seqtype dna -l 2 -ci 20 -img_format png -title p300_heart_versus_limb_Blow2010 -origin center -offset 0 -o $RSAT/public_html/tmp/www-data/2025/11/05/peak-motifs.2025-11-05.181036_2025-11-05.181036_ioChdq/results/composition/peak-motifs_ctrl_profiles-1str-ovlp_2nt_ci20.tab
; Citation: van Helden, et al. (2000).  Nucleic Acids Res 28, 1000-1010.
; Sequence file                	/var/www/html/rsat/public_html/tmp/www-data/2025/11/05/peak-motifs.2025-11-05.181036_2025-11-05.181036_ioChdq/data/sequences/peak-motifs_ctrl_purged_ml40_mis3.fasta
; Sequence format              	fasta
; Sequence type                	dna
; Output file                  	/var/www/html/rsat/public_html/tmp/www-data/2025/11/05/peak-motifs.2025-11-05.181036_2025-11-05.181036_ioChdq/results/composition/peak-motifs_ctrl_profiles-1str-ovlp_2nt_ci20.tab
; Oligo length                 	2
; Occurrences counted  on a single  strands
; Conditions of applicability checked.
; Background model estimation: homogeneous repartition
; Sequence statistics:
;	Nb of sequences              	1000
;	Sum of sequence lengths      	679550
;	Min sequence length          	0
;	Max sequence length          	2301
;	Average sequence length      	679
;	Possible positions           	678550
; Oligonucleotide statistics:
;	Total occurrences    	669996
; Position interval parameters:
;	Position interval    	20
;	Number of windows    	116
;	Total positions      	678550
;	Degrees of freedom   	115
; K-mer clustering parameters:
;	Number of clusters   	0
;	Clustering method    	complete
; Position intervals:
;	window	[min,max]	mid	seq	occ
;	1	-58	[-1159,-1140]	-1149.5	1	11
;	2	-57	[-1139,-1120]	-1129.5	1	20
;	3	-56	[-1119,-1100]	-1109.5	1	20
;	4	-55	[-1099,-1080]	-1089.5	1	20
;	5	-54	[-1079,-1060]	-1069.5	1	20
;	6	-53	[-1059,-1040]	-1049.5	1	20
;	7	-52	[-1039,-1020]	-1029.5	2	38
;	8	-51	[-1019,-1000]	-1009.5	2	40
;	9	-50	[-999,-980]	-989.5	2	40
;	10	-49	[-979,-960]	-969.5	3	44
;	11	-48	[-959,-940]	-949.5	3	60
;	12	-47	[-939,-920]	-929.5	3	60
;	13	-46	[-919,-900]	-909.5	3	60
;	14	-45	[-899,-880]	-889.5	3	60
;	15	-44	[-879,-860]	-869.5	3	60
;	16	-43	[-859,-840]	-849.5	4	71
;	17	-42	[-839,-820]	-829.5	8	116
;	18	-41	[-819,-800]	-809.5	11	176
;	19	-40	[-799,-780]	-789.5	13	236
;	20	-39	[-779,-760]	-769.5	13	260
;	21	-38	[-759,-740]	-749.5	15	282
;	22	-37	[-739,-720]	-729.5	17	324
;	23	-36	[-719,-700]	-709.5	28	377
;	24	-35	[-699,-680]	-689.5	32	592
;	25	-34	[-679,-660]	-669.5	42	716
;	26	-33	[-659,-640]	-649.5	44	862
;	27	-32	[-639,-620]	-629.5	52	964
;	28	-31	[-619,-600]	-609.5	64	1169
;	29	-30	[-599,-580]	-589.5	66	1296
;	30	-29	[-579,-560]	-569.5	75	1428
;	31	-28	[-559,-540]	-549.5	86	1621
;	32	-27	[-539,-520]	-529.5	97	1882
;	33	-26	[-519,-500]	-509.5	118	2104
;	34	-25	[-499,-480]	-489.5	131	2464
;	35	-24	[-479,-460]	-469.5	169	3048
;	36	-23	[-459,-440]	-449.5	182	3523
;	37	-22	[-439,-420]	-429.5	225	4114
;	38	-21	[-419,-400]	-409.5	276	4824
;	39	-20	[-399,-380]	-389.5	299	5704
;	40	-19	[-379,-360]	-369.5	361	6588
;	41	-18	[-359,-340]	-349.5	389	7528
;	42	-17	[-339,-320]	-329.5	463	8596
;	43	-16	[-319,-300]	-309.5	533	9655
;	44	-15	[-299,-280]	-289.5	569	10948
;	45	-14	[-279,-260]	-269.5	680	12544
;	46	-13	[-259,-240]	-249.5	746	14326
;	47	-12	[-239,-220]	-229.5	832	16036
;	48	-11	[-219,-200]	-209.5	921	17431
;	49	-10	[-199,-180]	-189.5	955	18692
;	50	-9	[-179,-160]	-169.5	984	19408
;	51	-8	[-159,-140]	-149.5	996	19812
;	52	-7	[-139,-120]	-129.5	1000	19992
;	53	-6	[-119,-100]	-109.5	1000	20000
;	54	-5	[-99,-80]	-89.5	1000	20000
;	55	-4	[-79,-60]	-69.5	1000	20000
;	56	-3	[-59,-40]	-49.5	1000	20000
;	57	-2	[-39,-20]	-29.5	1000	20000
;	58	-1	[-19,0]	-9.5	1000	20000
;	59	0	[1,20]	10.5	1000	20000
;	60	1	[21,40]	30.5	1000	20000
;	61	2	[41,60]	50.5	1000	20000
;	62	3	[61,80]	70.5	1000	20000
;	63	4	[81,100]	90.5	1000	20000
;	64	5	[101,120]	110.5	1000	20000
;	65	6	[121,140]	130.5	1000	19988
;	66	7	[141,160]	150.5	996	19788
;	67	8	[161,180]	170.5	984	19337
;	68	9	[181,200]	190.5	955	18623
;	69	10	[201,220]	210.5	886	17234
;	70	11	[221,240]	230.5	832	15914
;	71	12	[241,260]	250.5	746	14194
;	72	13	[261,280]	270.5	680	12271
;	73	14	[281,300]	290.5	569	10867
;	74	15	[301,320]	310.5	488	9535
;	75	16	[321,340]	330.5	463	8479
;	76	17	[341,360]	350.5	389	7472
;	77	18	[361,380]	370.5	361	6432
;	78	19	[381,400]	390.5	299	5651
;	79	20	[401,420]	410.5	246	4731
;	80	21	[421,440]	430.5	225	4046
;	81	22	[441,460]	450.5	182	3497
;	82	23	[461,480]	470.5	169	2957
;	83	24	[481,500]	490.5	131	2441
;	84	25	[501,520]	510.5	108	2061
;	85	26	[521,540]	530.5	97	1868
;	86	27	[541,560]	550.5	86	1599
;	87	28	[561,580]	570.5	75	1407
;	88	29	[581,600]	590.5	66	1291
;	89	30	[601,620]	610.5	61	1139
;	90	31	[621,640]	630.5	52	951
;	91	32	[641,660]	650.5	44	858
;	92	33	[661,680]	670.5	42	689
;	93	34	[681,700]	690.5	32	579
;	94	35	[701,720]	710.5	19	362
;	95	36	[721,740]	730.5	17	321
;	96	37	[741,760]	750.5	15	278
;	97	38	[761,780]	770.5	13	260
;	98	39	[781,800]	790.5	13	232
;	99	40	[801,820]	810.5	9	171
;	100	41	[821,840]	830.5	8	109
;	101	42	[841,860]	850.5	4	69
;	102	43	[861,880]	870.5	3	60
;	103	44	[881,900]	890.5	3	60
;	104	45	[901,920]	910.5	3	60
;	105	46	[921,940]	930.5	3	60
;	106	47	[941,960]	950.5	3	60
;	107	48	[961,980]	970.5	3	41
;	108	49	[981,1000]	990.5	2	40
;	109	50	[1001,1020]	1010.5	2	40
;	110	51	[1021,1040]	1030.5	2	37
;	111	52	[1041,1060]	1050.5	1	20
;	112	53	[1061,1080]	1070.5	1	20
;	113	54	[1081,1100]	1090.5	1	20
;	114	55	[1101,1120]	1110.5	1	20
;	115	56	[1121,1140]	1130.5	1	20
;	116	57	[1141,1160]	1150.5	1	9
;
; Column headers
;	1	seq            	pattern sequence
;	2	id             	pattern identifier
;	3	occ            	pattern occurrences
;	4	chi2           	observed chi-square
;	5	df             	degrees of freedom
;	6	Pval           	P-value (probability for one word to be a false positive)
;	7	Eval           	E-value; expected number of false positives (Eval = Pval * nb_tests)
;	8	sig            	Significance (sig = -log10(Eval))
;	9	rank           	rank of the pattern according to sorting criterion
;	10	-1149.5        	occurrences in window	1	[-1159,-1140]
;	11	-1129.5        	occurrences in window	2	[-1139,-1120]
;	12	-1109.5        	occurrences in window	3	[-1119,-1100]
;	13	-1089.5        	occurrences in window	4	[-1099,-1080]
;	14	-1069.5        	occurrences in window	5	[-1079,-1060]
;	15	-1049.5        	occurrences in window	6	[-1059,-1040]
;	16	-1029.5        	occurrences in window	7	[-1039,-1020]
;	17	-1009.5        	occurrences in window	8	[-1019,-1000]
;	18	-989.5         	occurrences in window	9	[-999,-980]
;	19	-969.5         	occurrences in window	10	[-979,-960]
;	20	-949.5         	occurrences in window	11	[-959,-940]
;	21	-929.5         	occurrences in window	12	[-939,-920]
;	22	-909.5         	occurrences in window	13	[-919,-900]
;	23	-889.5         	occurrences in window	14	[-899,-880]
;	24	-869.5         	occurrences in window	15	[-879,-860]
;	25	-849.5         	occurrences in window	16	[-859,-840]
;	26	-829.5         	occurrences in window	17	[-839,-820]
;	27	-809.5         	occurrences in window	18	[-819,-800]
;	28	-789.5         	occurrences in window	19	[-799,-780]
;	29	-769.5         	occurrences in window	20	[-779,-760]
;	30	-749.5         	occurrences in window	21	[-759,-740]
;	31	-729.5         	occurrences in window	22	[-739,-720]
;	32	-709.5         	occurrences in window	23	[-719,-700]
;	33	-689.5         	occurrences in window	24	[-699,-680]
;	34	-669.5         	occurrences in window	25	[-679,-660]
;	35	-649.5         	occurrences in window	26	[-659,-640]
;	36	-629.5         	occurrences in window	27	[-639,-620]
;	37	-609.5         	occurrences in window	28	[-619,-600]
;	38	-589.5         	occurrences in window	29	[-599,-580]
;	39	-569.5         	occurrences in window	30	[-579,-560]
;	40	-549.5         	occurrences in window	31	[-559,-540]
;	41	-529.5         	occurrences in window	32	[-539,-520]
;	42	-509.5         	occurrences in window	33	[-519,-500]
;	43	-489.5         	occurrences in window	34	[-499,-480]
;	44	-469.5         	occurrences in window	35	[-479,-460]
;	45	-449.5         	occurrences in window	36	[-459,-440]
;	46	-429.5         	occurrences in window	37	[-439,-420]
;	47	-409.5         	occurrences in window	38	[-419,-400]
;	48	-389.5         	occurrences in window	39	[-399,-380]
;	49	-369.5         	occurrences in window	40	[-379,-360]
;	50	-349.5         	occurrences in window	41	[-359,-340]
;	51	-329.5         	occurrences in window	42	[-339,-320]
;	52	-309.5         	occurrences in window	43	[-319,-300]
;	53	-289.5         	occurrences in window	44	[-299,-280]
;	54	-269.5         	occurrences in window	45	[-279,-260]
;	55	-249.5         	occurrences in window	46	[-259,-240]
;	56	-229.5         	occurrences in window	47	[-239,-220]
;	57	-209.5         	occurrences in window	48	[-219,-200]
;	58	-189.5         	occurrences in window	49	[-199,-180]
;	59	-169.5         	occurrences in window	50	[-179,-160]
;	60	-149.5         	occurrences in window	51	[-159,-140]
;	61	-129.5         	occurrences in window	52	[-139,-120]
;	62	-109.5         	occurrences in window	53	[-119,-100]
;	63	-89.5          	occurrences in window	54	[-99,-80]
;	64	-69.5          	occurrences in window	55	[-79,-60]
;	65	-49.5          	occurrences in window	56	[-59,-40]
;	66	-29.5          	occurrences in window	57	[-39,-20]
;	67	-9.5           	occurrences in window	58	[-19,0]
;	68	10.5           	occurrences in window	59	[1,20]
;	69	30.5           	occurrences in window	60	[21,40]
;	70	50.5           	occurrences in window	61	[41,60]
;	71	70.5           	occurrences in window	62	[61,80]
;	72	90.5           	occurrences in window	63	[81,100]
;	73	110.5          	occurrences in window	64	[101,120]
;	74	130.5          	occurrences in window	65	[121,140]
;	75	150.5          	occurrences in window	66	[141,160]
;	76	170.5          	occurrences in window	67	[161,180]
;	77	190.5          	occurrences in window	68	[181,200]
;	78	210.5          	occurrences in window	69	[201,220]
;	79	230.5          	occurrences in window	70	[221,240]
;	80	250.5          	occurrences in window	71	[241,260]
;	81	270.5          	occurrences in window	72	[261,280]
;	82	290.5          	occurrences in window	73	[281,300]
;	83	310.5          	occurrences in window	74	[301,320]
;	84	330.5          	occurrences in window	75	[321,340]
;	85	350.5          	occurrences in window	76	[341,360]
;	86	370.5          	occurrences in window	77	[361,380]
;	87	390.5          	occurrences in window	78	[381,400]
;	88	410.5          	occurrences in window	79	[401,420]
;	89	430.5          	occurrences in window	80	[421,440]
;	90	450.5          	occurrences in window	81	[441,460]
;	91	470.5          	occurrences in window	82	[461,480]
;	92	490.5          	occurrences in window	83	[481,500]
;	93	510.5          	occurrences in window	84	[501,520]
;	94	530.5          	occurrences in window	85	[521,540]
;	95	550.5          	occurrences in window	86	[541,560]
;	96	570.5          	occurrences in window	87	[561,580]
;	97	590.5          	occurrences in window	88	[581,600]
;	98	610.5          	occurrences in window	89	[601,620]
;	99	630.5          	occurrences in window	90	[621,640]
;	100	650.5          	occurrences in window	91	[641,660]
;	101	670.5          	occurrences in window	92	[661,680]
;	102	690.5          	occurrences in window	93	[681,700]
;	103	710.5          	occurrences in window	94	[701,720]
;	104	730.5          	occurrences in window	95	[721,740]
;	105	750.5          	occurrences in window	96	[741,760]
;	106	770.5          	occurrences in window	97	[761,780]
;	107	790.5          	occurrences in window	98	[781,800]
;	108	810.5          	occurrences in window	99	[801,820]
;	109	830.5          	occurrences in window	100	[821,840]
;	110	850.5          	occurrences in window	101	[841,860]
;	111	870.5          	occurrences in window	102	[861,880]
;	112	890.5          	occurrences in window	103	[881,900]
;	113	910.5          	occurrences in window	104	[901,920]
;	114	930.5          	occurrences in window	105	[921,940]
;	115	950.5          	occurrences in window	106	[941,960]
;	116	970.5          	occurrences in window	107	[961,980]
;	117	990.5          	occurrences in window	108	[981,1000]
;	118	1010.5         	occurrences in window	109	[1001,1020]
;	119	1030.5         	occurrences in window	110	[1021,1040]
;	120	1050.5         	occurrences in window	111	[1041,1060]
;	121	1070.5         	occurrences in window	112	[1061,1080]
;	122	1090.5         	occurrences in window	113	[1081,1100]
;	123	1110.5         	occurrences in window	114	[1101,1120]
;	124	1130.5         	occurrences in window	115	[1121,1140]
;	125	1150.5         	occurrences in window	116	[1141,1160]
#seq	id	occ	chi2	df	Pval	Eval	sig	rank	-1149.5	-1129.5	-1109.5	-1089.5	-1069.5	-1049.5	-1029.5	-1009.5	-989.5	-969.5	-949.5	-929.5	-909.5	-889.5	-869.5	-849.5	-829.5	-809.5	-789.5	-769.5	-749.5	-729.5	-709.5	-689.5	-669.5	-649.5	-629.5	-609.5	-589.5	-569.5	-549.5	-529.5	-509.5	-489.5	-469.5	-449.5	-429.5	-409.5	-389.5	-369.5	-349.5	-329.5	-309.5	-289.5	-269.5	-249.5	-229.5	-209.5	-189.5	-169.5	-149.5	-129.5	-109.5	-89.5	-69.5	-49.5	-29.5	-9.5	10.5	30.5	50.5	70.5	90.5	110.5	130.5	150.5	170.5	190.5	210.5	230.5	250.5	270.5	290.5	310.5	330.5	350.5	370.5	390.5	410.5	430.5	450.5	470.5	490.5	510.5	530.5	550.5	570.5	590.5	610.5	630.5	650.5	670.5	690.5	710.5	730.5	750.5	770.5	790.5	810.5	830.5	850.5	870.5	890.5	910.5	930.5	950.5	970.5	990.5	1010.5	1030.5	1050.5	1070.5	1090.5	1110.5	1130.5	1150.5
cc	cc	46850	296.9	115	9.3e-18	1.5e-16	15.83	1	0	1	0	3	3	3	9	13	5	3	9	2	3	12	3	6	14	7	14	13	6	14	32	28	41	53	53	78	96	90	128	141	129	146	182	252	277	310	379	475	528	585	648	750	859	1006	1083	1259	1437	1466	1481	1482	1399	1437	1462	1489	1563	1473	1439	1328	1435	1385	1379	1352	1364	1274	1336	1244	1120	1118	927	812	629	596	520	501	388	361	300	219	205	165	137	133	129	91	50	61	67	63	50	39	30	22	19	18	22	14	7	14	5	4	5	1	4	8	3	2	6	3	1	0	0	1	3	1
tt	tt	53407	245.5	115	2.2e-11	3.6e-10	9.45	2	0	1	0	4	0	0	5	2	3	3	5	8	7	6	2	3	13	6	18	23	25	45	34	66	52	77	56	99	80	88	116	145	195	186	218	265	343	407	458	591	591	662	698	750	961	1110	1209	1302	1529	1476	1515	1482	1659	1511	1580	1612	1489	1578	1577	1617	1557	1501	1585	1537	1552	1650	1546	1452	1371	1249	1111	986	841	781	799	633	564	522	444	322	310	199	208	194	142	129	116	102	81	52	54	43	39	32	14	18	18	24	8	12	10	0	2	5	2	1	3	4	3	9	1	0	2	3	1	0
aa	aa	53139	211.0	115	1.3e-07	2.2e-06	5.67	3	1	0	4	1	0	6	3	0	4	7	2	3	9	4	4	4	7	22	36	28	22	18	32	39	50	79	86	121	113	118	133	165	157	208	231	294	297	390	462	491	628	677	787	894	1015	1191	1271	1398	1321	1521	1445	1557	1450	1544	1495	1513	1504	1528	1579	1629	1640	1642	1564	1600	1576	1566	1387	1436	1389	1195	1025	1026	908	780	606	654	499	457	355	368	289	230	201	167	127	124	108	100	92	80	74	39	69	37	28	26	19	8	7	0	6	7	5	6	1	3	0	4	1	0	2	2	1	3	2	0
gc	gc	39975	205.2	115	5.1e-07	8.1e-06	5.09	4	0	1	1	0	2	1	1	3	3	2	6	2	1	3	1	7	7	12	14	12	10	15	19	30	33	37	44	57	69	76	87	98	108	130	167	182	209	256	301	363	439	497	557	609	700	859	956	1032	1160	1188	1229	1249	1271	1274	1223	1222	1322	1296	1268	1235	1207	1225	1211	1181	1243	1153	1067	1066	941	965	771	652	600	516	472	410	353	323	251	199	161	162	126	102	87	79	70	69	57	54	47	29	34	17	14	17	14	11	13	11	3	5	2	1	6	8	4	1	3	1	2	0	1	2	0	0
cg	cg	13117	201.5	115	1.2e-06	1.9e-05	4.72	5	0	0	0	1	0	0	1	0	1	2	0	0	1	2	1	1	3	2	4	4	5	3	4	6	12	8	11	14	15	23	22	23	38	35	52	52	81	89	105	116	119	153	155	210	254	282	328	343	365	392	414	430	422	419	437	440	462	457	426	414	375	383	395	400	388	408	373	340	339	300	253	207	186	154	151	115	80	106	65	52	43	45	35	25	32	29	29	18	23	15	12	15	8	6	9	4	9	8	3	6	1	0	1	0	2	4	1	1	0	1	1	0	1	1	0	0
gg	gg	47705	162.0	115	2.6e-03	0.041	1.39	6	0	0	2	0	2	0	1	1	0	1	2	10	6	1	3	5	12	20	16	12	18	9	16	44	59	65	65	78	79	84	80	103	136	148	225	223	290	318	422	410	486	626	663	773	826	1006	1079	1200	1236	1333	1380	1403	1431	1424	1435	1381	1471	1433	1433	1469	1403	1510	1469	1493	1419	1395	1457	1382	1212	1038	1017	886	815	682	551	487	464	366	303	254	263	218	167	128	120	107	84	86	71	67	66	48	41	23	18	20	15	27	20	5	5	3	6	11	11	4	1	4	4	0	1	2	2	0	0	0
at	at	35566	133.6	115	1.1e-01	1.8	-0.26	7	1	0	3	2	2	0	1	1	1	3	2	6	4	2	3	2	4	12	7	13	16	15	29	32	39	45	53	61	73	60	102	113	122	143	181	203	221	277	336	349	449	481	536	591	658	704	916	887	968	970	944	1012	989	1001	976	1017	940	1015	1059	1081	1049	986	1060	1069	1013	1050	973	1013	903	854	762	662	589	506	480	417	314	311	257	252	212	163	149	104	105	93	73	77	58	50	43	36	30	16	21	8	15	14	7	5	4	3	3	3	2	0	3	1	4	3	1	1	3	2	0	1
ga	ga	40000	123.6	115	2.8e-01	4.4	-0.64	8	1	0	3	2	2	1	1	0	2	5	2	4	5	4	3	2	8	12	14	10	15	19	23	43	56	58	68	73	75	100	85	108	111	154	194	231	257	329	365	388	422	508	583	682	765	825	942	1029	1016	1101	1135	1127	1114	1140	1185	1128	1126	1118	1164	1177	1109	1149	1176	1216	1204	1177	1193	1107	1105	944	879	729	667	580	484	452	371	318	286	271	229	200	140	106	104	95	105	84	51	48	50	59	32	26	21	20	19	19	12	5	4	4	6	4	2	2	1	4	2	1	1	4	1	1	0	1
ta	ta	30898	107.2	115	6.8e-01	11	-1.04	9	0	0	0	1	0	1	1	0	2	0	3	4	4	2	6	1	4	7	7	16	10	15	15	33	37	31	40	48	66	63	99	107	112	128	145	170	192	236	261	286	398	362	462	524	572	666	762	820	858	852	804	865	898	870	861	907	891	912	881	908	937	900	926	927	843	908	865	857	775	735	633	527	515	457	399	349	298	282	206	210	152	153	132	87	92	66	71	56	67	41	48	26	26	16	21	12	9	13	6	4	3	1	4	0	3	1	2	1	2	1	1	1	2	2	1	0
ac	ac	33807	90.8	115	9.5e-01	15	-1.18	10	1	1	0	2	2	2	1	1	1	2	4	2	3	2	7	4	4	9	12	14	13	19	14	26	35	45	68	44	62	83	77	96	111	131	158	172	210	270	292	363	387	446	482	553	667	750	760	850	917	992	962	964	944	1000	1027	982	1007	979	931	956	1048	967	977	992	949	979	974	898	887	759	686	619	544	488	397	378	339	292	242	218	177	178	128	111	103	85	87	62	78	46	44	36	20	14	15	17	13	9	7	2	0	4	3	2	3	4	1	1	0	1	0	0	1	0	3	0
tc	tc	39918	90.5	115	9.6e-01	15	-1.18	11	1	5	0	1	0	1	4	5	3	2	3	3	2	5	3	5	5	8	13	13	20	22	29	31	35	51	52	76	75	91	96	119	136	147	199	207	266	257	328	424	445	543	588	676	750	869	1000	1048	1170	1143	1219	1171	1177	1131	1164	1169	1139	1135	1131	1117	1129	1162	1132	1123	1166	1116	1114	1125	993	967	825	733	643	540	557	437	382	340	304	217	222	165	138	136	116	91	79	82	63	52	30	42	35	22	17	13	20	8	10	3	6	2	1	5	2	4	6	2	2	4	1	1	0	0	4	1
gt	gt	34078	85.8	115	9.8e-01	16	-1.20	12	1	1	1	0	0	0	3	0	2	2	2	1	3	1	6	4	3	7	9	18	21	19	19	27	38	41	42	53	61	72	79	85	97	135	161	193	208	216	287	319	364	422	489	531	607	661	802	903	903	931	1014	1012	1016	998	995	1039	954	999	1047	1036	986	1008	1009	1025	978	991	1037	936	891	785	735	596	525	485	443	346	365	276	235	208	178	143	138	122	123	76	73	58	54	52	45	43	28	16	19	6	9	13	11	11	5	3	4	5	2	3	1	4	2	3	2	2	2	1	0	1
tg	tg	49509	75.8	115	1.0e+00	16	-1.20	13	1	1	4	1	2	0	1	3	2	4	4	4	4	4	4	4	8	15	13	21	25	24	34	37	50	61	71	68	78	97	111	122	143	177	228	268	287	345	447	462	565	645	699	768	882	950	1096	1255	1316	1406	1445	1466	1466	1465	1451	1482	1427	1448	1510	1506	1501	1479	1494	1473	1456	1456	1463	1379	1256	1166	1080	882	783	682	611	545	484	405	348	315	257	221	187	155	165	122	99	86	71	73	68	52	39	22	23	14	12	20	14	15	3	8	7	5	5	4	3	3	4	2	3	1	2	1	0	2
ag	ag	51446	74.6	115	1.0e+00	16	-1.20	14	1	2	1	0	1	2	2	0	5	4	4	4	3	3	5	7	9	12	22	15	16	26	21	58	68	64	71	96	113	120	132	140	140	203	244	286	329	353	404	483	544	631	764	865	953	1090	1259	1380	1390	1425	1528	1471	1518	1525	1502	1485	1519	1506	1526	1515	1460	1527	1514	1538	1588	1457	1464	1373	1333	1214	1088	895	811	752	626	555	515	407	363	317	275	236	173	154	118	114	112	102	70	64	66	62	48	27	24	25	19	20	19	7	7	4	5	5	5	3	2	4	3	2	1	5	1	2	0	0
ct	ct	50697	65.7	115	1.0e+00	16	-1.20	15	1	4	0	1	1	1	2	7	4	2	7	3	4	7	3	6	9	11	17	17	22	25	28	43	41	56	67	80	89	120	115	147	179	178	229	246	314	355	403	514	574	664	722	820	949	1103	1197	1285	1496	1499	1531	1490	1505	1489	1535	1470	1524	1505	1430	1434	1513	1526	1486	1436	1464	1473	1400	1447	1245	1196	1034	906	826	688	647	543	497	458	361	275	241	220	181	148	142	108	106	91	90	61	58	45	40	25	22	23	17	14	13	4	2	6	5	2	5	7	7	1	2	3	1	0	0	0	4	2
ca	ca	49884	58.9	115	1.0e+00	16	-1.20	16	2	3	1	1	3	2	2	4	2	2	5	4	1	2	6	10	6	14	20	15	18	27	28	42	50	69	80	83	104	104	128	130	150	195	234	266	291	356	400	529	569	656	742	809	940	1061	1204	1285	1403	1440	1452	1479	1437	1517	1436	1466	1466	1467	1465	1479	1470	1469	1438	1451	1512	1392	1366	1323	1232	1154	1037	892	773	698	621	560	497	402	371	313	263	239	181	169	127	130	99	99	86	73	52	49	40	21	16	17	18	10	14	5	5	6	1	5	5	4	3	3	2	3	1	1	1	1	2	0
; Host name	rsat
; Job started	2025-11-05.181100
; Job done	2025-11-05.181104
; Seconds	4.06
;	user	4.06
;	system	0.02
;	cuser	0
;	csystem	0
